0.991357
0
0
0
0
0
0
0
0
0
0
0
0
0
0
0
0
0
0
0
0
0
0
0
0
0
0
0
0
0
0
0.791262
0.963216
0.971721
0.977637
0.987853
0.98645
0.980659
0.966802
0.972936
0.976341
0.972717
0.973867
0.970529
0.97613
0.98831
0.965787
0.883496
0.884066
0.767092
0.343545
0.206983
0.116978
0.0345574
-0.130004
0.210104
0.436226
0.814447
0.959757
0.962545
0.974674
0.97611
0.976999
0.967016
0.968519
0.50714
0.334015
0.257386
0.280619
0.370227
0.497059
0.524024
0.948268
0.965124
0.967756
0.964391
0.959468
0.957914
0.956334
0.960159
0.96102
0.982986
0.994086
0.993445
0.992291
0.989461
0.989354
0.988863
0.992327
0.986672
0.876021
0.53339
0.338327
0.365844
0.399092
0.415525
0.449688
0.47342
0.464338
0.518663
0.580508
0.758316
0.95588
0.971421
0.982306
0.990116
0.96985
0.983994
0.978692
0.977655
0.976941
0.887176
0.421678
0.310658
0.308516
0.336143
0.43962
0
0
0.510769
0.437099
0.406916
0.970095
0.983522
0.992507
0.992142
0.863168
0.289179
0.0578522
0.0241483
0.0774019
0.229574
0.342364
0.957216
0.971984
0.968096
0.95094
0.716825
0.881312
0.963463
0.968373
0.968444
0.964987
0.996592
0.989895
0.989948
0
0
0
0
0
0
0.78438
0.910812
0.94373
0.940014
0.957663
0.956642
0.966558
0.866759
0.745517
0.499674
0.313055
0.37235
0.48068
0.741259
0.935651
0.955263
0.846489
0.330778
0.291632
0.305169
0.357114
0.406464
0.483181
0.673436
0.984049
0.983365
0.984529
0.989533
0.991208
0.990593
0.988741
0.987931
0.984928
0.955292
0.736774
0
0.0962893
0.0962893
0
0
0
0
0
0
0
0
