0.561993
0
0
0
0
0
0
0
0
0
0
0
0
0
0
0
0
0
0
0
0
0
0
0
0
0
0
0
0
0
0
0.0347028
0.333105
0.396949
0.416069
0.398582
0.668993
0.710871
0.608807
0.597765
0.706356
0.683729
0.715271
0.687284
0.559696
0.372262
0.106302
0.275964
0.268449
0.115755
0.178672
0.200778
0.229791
0.182057
0.120377
0.176358
0.170413
0.151477
0.347714
0.470961
0.705713
0.748607
0.635235
0.44041
0.319668
0.0985246
0.106243
0.109311
0.164863
0.120453
0.0934164
0.139884
0.256483
0.393239
0.73683
0.698424
0.565166
0.599586
0.522139
0.48736
0.498996
0.602308
0.658497
0.633698
0.658483
0.625785
0.662293
0.64274
0.665794
0.682632
0.427532
0.282929
0.1915
0.150399
0.176669
0.192344
0.204306
0.175033
0.147156
0.258709
0.36887
0.273311
0.463054
0.62702
0.647756
0.516581
0.495772
0.428465
0.357688
0.305861
0.656253
0.453288
0.203825
0.224846
0.182107
0.217129
0.197186
0
0
0.211088
0.1828
0.172697
0.448888
0.492366
0.676947
0.673936
0.415951
0.184743
0.119565
0.194989
0.13687
0.161933
0.228947
0.393194
0.398617
0.465677
0.208773
0.170599
0.291753
0.645703
0.713932
0.526055
0.226068
0.588424
0.313639
0
0
0
0
0
0
0
0.265173
0.288483
0.541494
0.512144
0.575701
0.650587
0.622203
0.356995
0.282561
0.202636
0.169792
0.244554
0.228168
0.129991
0.440707
0.343625
0.104289
0.142527
0.0854719
0.11888
0.0835295
0.111968
0.135976
0.0819734
0.373294
0.37361
0.499693
0.640708
0.640484
0.451796
0.528435
0.499659
0.200222
0.0579455
0
0
0
0
0
0
0
0
0
0
0
0
